1 1.61913
2 1.35926
3 0.9615
4 0.95342
5 0.80844
6 0.79093
7 0.69806
8 0.5973
9 0.59383
10 0.57697
11 0.53475
12 0.48816
13 0.51971
14 0.46056
15 0.45045
16 0.40766
17 0.41247
18 0.39441
19 0.39671
20 0.36579
21 0.35705
22 0.35805
23 0.35684
24 0.35244
25 0.35828
26 0.31669
27 0.30823
28 0.31023
29 0.3126
30 0.30357
31 0.28651
32 0.30557
33 0.28893
34 0.28871
35 0.28697
36 0.26875
37 0.28598
38 0.2559
39 0.26301
40 0.26324
41 0.26389
42 0.25542
43 0.25655
44 0.26361
45 0.25096
46 0.26091
47 0.23571
48 0.24455
49 0.24232
50 0.24229
51 0.23169
52 0.22364
53 0.24909
54 0.21845
55 0.23219
56 0.23343
57 0.22509
58 0.21275
59 0.21285
60 0.22584
61 0.21488
62 0.2031
63 0.20752
64 0.21125
65 0.19853
66 0.20311
67 0.18977
68 0.19785
69 0.20116
70 0.2055
71 0.20215
